#Funciones para generar los reportes de planificación
#Fecha : 24/06/2014
#Autor : José L. Romero
#requiere los siguientes paquetes: rJava, gWidgets, RGtk2
#-----------------------------------------------------------------------

plan_operativo <- list(
	list(
		codigo="020202",
		descrp="T.S.U. en Educación Integral",
		carreras=c(430),
		materias=c(476,477,478,479,480,440,481,483,484,485,486,487,488,
			489,491,492,493,494,495,434,497,457,592,423,490,498,524,571) ),
	list(
		codigo="020203",
		descrp="T.S.U. en Mantenimiento de Sistemas Informáticos",
		carreras=c(237),
		materias=c(327,323,601,324,349,358,370,602,311,330,335,371,372,336,
			342,373,374,375,258,343,344,345,380) ),
	list(
		codigo="020204",
		descrp="T.S.U. en Higiene y Seguridad Industrial",
		carreras=c(281),
		materias=c(200,201,208,259,209,251,252,300,733,202,231,255,326,737,
			207,258,315,349,738,257) ),
	list(
		codigo="020302",
		descrp="Matemática",
		carreras=c(126),
		materias=c(754,323,300,756,757,758,759,760,761,762,763,764,765,
			766,767,768,769,770,771,772,773,774,775,776,778,779,780,781,
			782,783) ),
	list(
		codigo="020303",
		descrp="Ingeniería de Sistemas",
		carreras=c(236),
		materias=c(327,323,300,324,641,733,315,326,330,735,737,311,332,333,
			738,739,305,306,335,348,222,316,336,337,225,235,338,342,339,341,
			205,228,241,310,312,321,334,347) ),
	list(
		codigo="020304",
		descrp="Ingeniería Industrial",
		carreras=c(280),
		materias=c(200,208,323,209,300,641,733,201,231,326,735,737,222,232,
			315,738,739,205,206,233,234,655,202,203,225,235,236,204,207,216,
			223,237,238,228,240,241,305,337,348) ),
	list(
		codigo="020305",
		descrp="Educación Integral",
		carreras=c(440),
		materias=c(410,516,570,408,416,524,571,405,412,414,428,530,420,
			421,440,485,576,411,427,471,488,489,536,431,433,434,472,480,
			437,444,468,473,481,454,457,465,474,578,451,469,475,491) ),
	list(
		codigo="020306",
		descrp="Educación Mención Matemática",
		carreras=c(508),
		materias=c(516,570,530,571,749,754,300,750,752,326,545,751,
			753,542,547,551,747,552,575,748,755,532,576,577,578,579,580) ),
	list(
		codigo="020307",
		descrp="Educación Mención Dificultades del Aprendizaje",
		carreras=c(521),
		materias=c(570,581,516,534,571,582,583,479,530,584,585,586,520,
			587,588,589,578,590,591,592,512,524,536,593,517,576,595,594,597,
			596) ),
	list(
		codigo="020308",
		descrp="Educación Mención Preescolar",
		carreras=c(542),
		materias=c(050,051,516,578,052,053,530,570,054,055,534,571,
			056,057,517,562,058,059,060,559,061,524,536,564,062,064,560,
			576,063) ),
	list(
		codigo="020310",
		descrp="Contaduría Pública",
		carreras=c(610),
		materias=c(601,631,602,632,641,605,633,637,642,734,606,639,650,651,
			745,638,649,653,746,618,665,669,673,663,666,691,634,636,661,
			692,697) ),
	list(
		codigo="020311",
		descrp="Administración de Empresas",
		carreras=c(612),
		materias=c(601,631,602,632,641,605,637,642,734,606,650,671,745,613,
			625,665,672,746,603,604,651,663,666,614,653,661,669,607,608,638,
			681,699) ),
	list(
		codigo="020312",
		descrp="Administración de Empresas - Mención Riesgos y Seguros",
		carreras=c(613),
		materias=c(601,631,602,615,617,605,616,637,734,606,641,644,604,613,
			625,671,745,621,646,665,672,746,619,620,654,661,743,607,614,622,
			645,648,696) ),
	list(
		codigo="020313",
		descrp="Área Interdisciplinaria (Estudios Generales)",
		carreras=c(126,236,237,280,281,430,440,508,521,542,610,612,613),
		materias=c(102,103,104,105,106,107,108,109,111,113,115,116,117,118,
			119,120,121,122,126,175,176,177,178,179) ),
	list(
		codigo="060202",
		descrp="Programa de Asesoría Académica y Desempeño Estudiantil",
		carreras=c(126,236,237,280,281,430,440,508,521,542,610,612,613),
		materias=c(000) ) )

tabla_plan <- data.frame()
for (i in plan_operativo) {
	carr_mat <- as.character(sapply(i$carreras,function(j) 
		paste0(j,sprintf("%03d",i$materias)) ) )
	tabla_plan <- rbind(tabla_plan,
			data.frame(carr_mat=carr_mat,
			codigo=rep(i$codigo,length(carr_mat)),
			stringsAsFactors = FALSE) )
}

id_plan <- function(carrera,asignatura,archivo) {
#indica el id del plan operativo correspondiente a una carrera /
#asignatura
	carr_mat <- paste0(carrera,sprintf("%03d",asignatura))
	if (carr_mat %in% tabla_plan$carr_mat) {
		return(tabla_plan[which(carr_mat==tabla_plan$carr_mat),2])
	} else
		return(paste("ERROR: carrera",substr(carr_mat,1,3),
			"y materia",substr(carr_mat,4,6),"inválidas.<br />Archivo:",
			archivo))
}

descrp_plan <- function(codigo) {
#retorna la descripción del renglón del plan_operativo correspondiente
#al código
	return(plan_operativo[codigo==
		sapply(plan_operativo,function(i) i$codigo)][[1]]$descrp)
}

id_producto <- function(tipo,archivo) {
#retorna el código del producto según el tipo de asesoría
#(aplica sólo a asesorías)
	return(switch(tipo,
		'J' = '37', 'C' = '45', 'E' = '46', 'T' = '50b', 'G' = '59',
		'I' = '60', '@' = '61', 
		paste0("ERROR: tipo de asesoría '",tipo,"' inválido.<br />",
		"Archivo: ",archivo," Hoja: 'Asesorías'") )) 
}

id_servicio <- function(tipo,archivo) {
#retorna en un vector con names el codigo_plan y el producto
#de acuerdo al tipo de servicio de orientación indicado en el
#argumento
	return(switch(tipo,
		EQU=list(codigo_plan="060201",
			subaccion="02",producto="126"),	#Equivalencias
		AVD=list(codigo_plan="060201",
			subaccion="02",producto="126"),	#Actas de v. de d.	
		CCA=list(codigo_plan="060201",
			subaccion="02",producto="126"),	#Cambio de carrera	
		CCL=list(codigo_plan="060201",
			subaccion="02",producto="126"),	#Cambio de CL	
		BEC=list(codigo_plan="060301",
			subaccion="01",producto="129"),	#Becas
		AYU=list(codigo_plan="060301",
			subaccion="02",producto="317"),	#Ayudantías
		PRP=list(codigo_plan="060302",
			subaccion="01",producto="130"),	#Preparadurías
		FAM=list(codigo_plan="060401",
			subaccion="01",producto="89"),	#FAMES
		list(codigo_plan=paste0("ERROR: servicio '",tipo,"' no definido.",
			"<br />Archivo: ",archivo," Hoja: 'Servicios de Orientación'"),
			subaccion="00",producto="00")) )
}

generar_reporte_planificacion <- function() {
#función principal de generación del reporte de planificación

	generar_encabezado_pagina <- function(archivo_html,pagina_nueva) {
	#Esta función genera el HTML para el encabezado de las páginas
	#del informe para la planificación operativa
	#Se supone que logo_html contiene ya el código HTML para la imágen
	#incrustada
		writeLines(c(
			'<DIV ALIGN=CENTER>',
			ifelse(pagina_nueva,
				paste('<TABLE WIDTH=690 CELLSPACING=0 CELLPADDING=0',
					'STYLE="page-break-before: always">'),
				'<TABLE WIDTH=690 CELLSPACING=0 CELLPADDING=0>'),
			'  <COL WIDTH=70>',
			'  <COL WIDTH=600>',
			'  <TR>',
			paste0('    <TD VALIGN=MIDDLE ALIGN=CENTER>',logo_html,'</TD>'),
			'    <TD VALIGN=MIDDLE>',
			paste0('      <P STYLE="margin-bottom: 0cm"><FONT SIZE=2>',
				'UNIVERSIDAD NACIONAL ABIERTA</FONT></P>'),
			paste0('      <P STYLE="margin-bottom: 0cm"><FONT SIZE=2>',
				'VICE-RECTORADO ACADEMICO</FONT></P>'),
			ifelse(centrolocal=="NIVEL CENTRAL",
				paste0('      <P STYLE="margin-bottom: 0cm"><FONT SIZE=2>',
					'NIVEL CENTRAL</FONT></P>'),
				paste0('      <P STYLE="margin-bottom: 0cm"><FONT SIZE=2>',
					'CENTRO LOCAL ',centrolocal,'</FONT></P>')),
			'    </TD>',
			'  </TR>',
			'</TABLE>','</DIV>'),